# Time Tags Distribution
# 2022-06-28 13:07:34
# Unit Time Diff: s
# Unit Count: 1
# Time Diff ; Count
  2.4000000E-09 ;   3.0000000E+00
  2.4050167E-09 ;   2.0000000E+00
  2.4100334E-09 ;   3.0000000E+00
  2.4150502E-09 ;   1.0000000E+00
  2.4200669E-09 ;   2.0000000E+00
  2.4250836E-09 ;   2.0000000E+00
  2.4301003E-09 ;   1.0000000E+00
  2.4351171E-09 ;   1.0000000E+00
  2.4401338E-09 ;   0.0000000E+00
  2.4451505E-09 ;   3.0000000E+00
  2.4501672E-09 ;   0.0000000E+00
  2.4551839E-09 ;   0.0000000E+00
  2.4602007E-09 ;   4.0000000E+00
  2.4652174E-09 ;   6.0000000E+00
  2.4702341E-09 ;   0.0000000E+00
  2.4752508E-09 ;   2.0000000E+00
  2.4802676E-09 ;   1.0000000E+00
  2.4852843E-09 ;   0.0000000E+00
  2.4903010E-09 ;   0.0000000E+00
  2.4953177E-09 ;   1.0000000E+00
  2.5003344E-09 ;   0.0000000E+00
  2.5053512E-09 ;   1.0000000E+00
  2.5103679E-09 ;   1.0000000E+00
  2.5153846E-09 ;   1.0000000E+00
  2.5204013E-09 ;   5.0000000E+00
  2.5254181E-09 ;   1.0000000E+00
  2.5304348E-09 ;   0.0000000E+00
  2.5354515E-09 ;   1.0000000E+00
  2.5404682E-09 ;   2.0000000E+00
  2.5454849E-09 ;   1.0000000E+00
  2.5505017E-09 ;   1.0000000E+00
  2.5555184E-09 ;   2.0000000E+00
  2.5605351E-09 ;   0.0000000E+00
  2.5655518E-09 ;   2.0000000E+00
  2.5705686E-09 ;   2.0000000E+00
  2.5755853E-09 ;   1.0000000E+00
  2.5806020E-09 ;   2.0000000E+00
  2.5856187E-09 ;   1.0000000E+00
  2.5906355E-09 ;   2.0000000E+00
  2.5956522E-09 ;   2.0000000E+00
  2.6006689E-09 ;   2.0000000E+00
  2.6056856E-09 ;   2.0000000E+00
  2.6107023E-09 ;   2.0000000E+00
  2.6157191E-09 ;   2.0000000E+00
  2.6207358E-09 ;   2.0000000E+00
  2.6257525E-09 ;   2.0000000E+00
  2.6307692E-09 ;   2.0000000E+00
  2.6357860E-09 ;   1.0000000E+00
  2.6408027E-09 ;   3.0000000E+00
  2.6458194E-09 ;   3.0000000E+00
  2.6508361E-09 ;   3.0000000E+00
  2.6558528E-09 ;   0.0000000E+00
  2.6608696E-09 ;   0.0000000E+00
  2.6658863E-09 ;   1.0000000E+00
  2.6709030E-09 ;   3.0000000E+00
  2.6759197E-09 ;   2.0000000E+00
  2.6809365E-09 ;   2.0000000E+00
  2.6859532E-09 ;   1.0000000E+00
  2.6909699E-09 ;   1.0000000E+00
  2.6959866E-09 ;   2.0000000E+00
  2.7010033E-09 ;   1.0000000E+00
  2.7060201E-09 ;   2.0000000E+00
  2.7110368E-09 ;   3.0000000E+00
  2.7160535E-09 ;   3.0000000E+00
  2.7210702E-09 ;   2.0000000E+00
  2.7260870E-09 ;   2.0000000E+00
  2.7311037E-09 ;   3.0000000E+00
  2.7361204E-09 ;   1.0000000E+00
  2.7411371E-09 ;   1.0000000E+00
  2.7461538E-09 ;   3.0000000E+00
  2.7511706E-09 ;   1.0000000E+00
  2.7561873E-09 ;   5.0000000E+00
  2.7612040E-09 ;   1.0000000E+00
  2.7662207E-09 ;   5.0000000E+00
  2.7712375E-09 ;   3.0000000E+00
  2.7762542E-09 ;   3.0000000E+00
  2.7812709E-09 ;   6.0000000E+00
  2.7862876E-09 ;   6.0000000E+00
  2.7913043E-09 ;   4.0000000E+00
  2.7963211E-09 ;   3.0000000E+00
  2.8013378E-09 ;   7.0000000E+00
  2.8063545E-09 ;   6.0000000E+00
  2.8113712E-09 ;   1.3000000E+01
  2.8163880E-09 ;   1.0000000E+01
  2.8214047E-09 ;   1.2000000E+01
  2.8264214E-09 ;   1.5000000E+01
  2.8314381E-09 ;   1.2000000E+01
  2.8364548E-09 ;   1.1000000E+01
  2.8414716E-09 ;   2.5000000E+01
  2.8464883E-09 ;   1.9000000E+01
  2.8515050E-09 ;   2.3000000E+01
  2.8565217E-09 ;   4.1000000E+01
  2.8615385E-09 ;   4.3000000E+01
  2.8665552E-09 ;   3.1000000E+01
  2.8715719E-09 ;   3.7000000E+01
  2.8765886E-09 ;   5.1000000E+01
  2.8816054E-09 ;   4.2000000E+01
  2.8866221E-09 ;   3.9000000E+01
  2.8916388E-09 ;   5.3000000E+01
  2.8966555E-09 ;   7.8000000E+01
  2.9016722E-09 ;   7.3000000E+01
  2.9066890E-09 ;   6.1000000E+01
  2.9117057E-09 ;   7.0000000E+01
  2.9167224E-09 ;   9.4000000E+01
  2.9217391E-09 ;   8.7000000E+01
  2.9267559E-09 ;   7.5000000E+01
  2.9317726E-09 ;   9.7000000E+01
  2.9367893E-09 ;   9.0000000E+01
  2.9418060E-09 ;   1.2100000E+02
  2.9468227E-09 ;   8.8000000E+01
  2.9518395E-09 ;   1.1700000E+02
  2.9568562E-09 ;   1.2500000E+02
  2.9618729E-09 ;   1.1200000E+02
  2.9668896E-09 ;   1.4200000E+02
  2.9719064E-09 ;   1.2600000E+02
  2.9769231E-09 ;   1.1900000E+02
  2.9819398E-09 ;   1.3000000E+02
  2.9869565E-09 ;   1.3500000E+02
  2.9919732E-09 ;   1.3400000E+02
  2.9969900E-09 ;   1.4700000E+02
  3.0020067E-09 ;   1.3800000E+02
  3.0070234E-09 ;   1.3500000E+02
  3.0120401E-09 ;   1.3000000E+02
  3.0170569E-09 ;   1.3000000E+02
  3.0220736E-09 ;   1.4500000E+02
  3.0270903E-09 ;   1.2200000E+02
  3.0321070E-09 ;   1.2100000E+02
  3.0371237E-09 ;   1.2800000E+02
  3.0421405E-09 ;   1.2000000E+02
  3.0471572E-09 ;   1.1200000E+02
  3.0521739E-09 ;   9.6000000E+01
  3.0571906E-09 ;   8.9000000E+01
  3.0622074E-09 ;   1.0500000E+02
  3.0672241E-09 ;   8.2000000E+01
  3.0722408E-09 ;   8.1000000E+01
  3.0772575E-09 ;   6.2000000E+01
  3.0822742E-09 ;   9.1000000E+01
  3.0872910E-09 ;   5.2000000E+01
  3.0923077E-09 ;   5.1000000E+01
  3.0973244E-09 ;   5.2000000E+01
  3.1023411E-09 ;   4.5000000E+01
  3.1073579E-09 ;   3.5000000E+01
  3.1123746E-09 ;   3.6000000E+01
  3.1173913E-09 ;   4.3000000E+01
  3.1224080E-09 ;   3.9000000E+01
  3.1274247E-09 ;   2.0000000E+01
  3.1324415E-09 ;   3.3000000E+01
  3.1374582E-09 ;   4.2000000E+01
  3.1424749E-09 ;   2.1000000E+01
  3.1474916E-09 ;   2.3000000E+01
  3.1525084E-09 ;   2.2000000E+01
  3.1575251E-09 ;   1.2000000E+01
  3.1625418E-09 ;   1.7000000E+01
  3.1675585E-09 ;   1.1000000E+01
  3.1725753E-09 ;   1.4000000E+01
  3.1775920E-09 ;   8.0000000E+00
  3.1826087E-09 ;   8.0000000E+00
  3.1876254E-09 ;   7.0000000E+00
  3.1926421E-09 ;   1.0000000E+01
  3.1976589E-09 ;   1.1000000E+01
  3.2026756E-09 ;   6.0000000E+00
  3.2076923E-09 ;   8.0000000E+00
  3.2127090E-09 ;   4.0000000E+00
  3.2177258E-09 ;   5.0000000E+00
  3.2227425E-09 ;   1.0000000E+01
  3.2277592E-09 ;   4.0000000E+00
  3.2327759E-09 ;   4.0000000E+00
  3.2377926E-09 ;   1.0000000E+00
  3.2428094E-09 ;   3.0000000E+00
  3.2478261E-09 ;   4.0000000E+00
  3.2528428E-09 ;   2.0000000E+00
  3.2578595E-09 ;   6.0000000E+00
  3.2628763E-09 ;   4.0000000E+00
  3.2678930E-09 ;   5.0000000E+00
  3.2729097E-09 ;   4.0000000E+00
  3.2779264E-09 ;   1.0000000E+00
  3.2829431E-09 ;   3.0000000E+00
  3.2879599E-09 ;   3.0000000E+00
  3.2929766E-09 ;   3.0000000E+00
  3.2979933E-09 ;   5.0000000E+00
  3.3030100E-09 ;   3.0000000E+00
  3.3080268E-09 ;   0.0000000E+00
  3.3130435E-09 ;   0.0000000E+00
  3.3180602E-09 ;   5.0000000E+00
  3.3230769E-09 ;   1.0000000E+00
  3.3280936E-09 ;   3.0000000E+00
  3.3331104E-09 ;   1.0000000E+00
  3.3381271E-09 ;   1.0000000E+00
  3.3431438E-09 ;   0.0000000E+00
  3.3481605E-09 ;   1.0000000E+00
  3.3531773E-09 ;   1.0000000E+00
  3.3581940E-09 ;   3.0000000E+00
  3.3632107E-09 ;   1.0000000E+00
  3.3682274E-09 ;   3.0000000E+00
  3.3732441E-09 ;   2.0000000E+00
  3.3782609E-09 ;   3.0000000E+00
  3.3832776E-09 ;   2.0000000E+00
  3.3882943E-09 ;   1.0000000E+00
  3.3933110E-09 ;   2.0000000E+00
  3.3983278E-09 ;   2.0000000E+00
  3.4033445E-09 ;   2.0000000E+00
  3.4083612E-09 ;   3.0000000E+00
  3.4133779E-09 ;   2.0000000E+00
  3.4183946E-09 ;   2.0000000E+00
  3.4234114E-09 ;   1.0000000E+00
  3.4284281E-09 ;   3.0000000E+00
  3.4334448E-09 ;   2.0000000E+00
  3.4384615E-09 ;   2.0000000E+00
  3.4434783E-09 ;   4.0000000E+00
  3.4484950E-09 ;   2.0000000E+00
  3.4535117E-09 ;   3.0000000E+00
  3.4585284E-09 ;   1.0000000E+00
  3.4635452E-09 ;   0.0000000E+00
  3.4685619E-09 ;   2.0000000E+00
  3.4735786E-09 ;   3.0000000E+00
  3.4785953E-09 ;   2.0000000E+00
  3.4836120E-09 ;   0.0000000E+00
  3.4886288E-09 ;   3.0000000E+00
  3.4936455E-09 ;   1.0000000E+00
  3.4986622E-09 ;   4.0000000E+00
  3.5036789E-09 ;   1.0000000E+00
  3.5086957E-09 ;   3.0000000E+00
  3.5137124E-09 ;   0.0000000E+00
  3.5187291E-09 ;   1.0000000E+00
  3.5237458E-09 ;   0.0000000E+00
  3.5287625E-09 ;   2.0000000E+00
  3.5337793E-09 ;   0.0000000E+00
  3.5387960E-09 ;   2.0000000E+00
  3.5438127E-09 ;   1.0000000E+00
  3.5488294E-09 ;   1.0000000E+00
  3.5538462E-09 ;   3.0000000E+00
  3.5588629E-09 ;   0.0000000E+00
  3.5638796E-09 ;   0.0000000E+00
  3.5688963E-09 ;   2.0000000E+00
  3.5739130E-09 ;   2.0000000E+00
  3.5789298E-09 ;   1.0000000E+00
  3.5839465E-09 ;   2.0000000E+00
  3.5889632E-09 ;   1.0000000E+00
  3.5939799E-09 ;   2.0000000E+00
  3.5989967E-09 ;   2.0000000E+00
  3.6040134E-09 ;   2.0000000E+00
  3.6090301E-09 ;   3.0000000E+00
  3.6140468E-09 ;   2.0000000E+00
  3.6190635E-09 ;   0.0000000E+00
  3.6240803E-09 ;   4.0000000E+00
  3.6290970E-09 ;   2.0000000E+00
  3.6341137E-09 ;   1.0000000E+00
  3.6391304E-09 ;   1.0000000E+00
  3.6441472E-09 ;   2.0000000E+00
  3.6491639E-09 ;   5.0000000E+00
  3.6541806E-09 ;   2.0000000E+00
  3.6591973E-09 ;   2.0000000E+00
  3.6642140E-09 ;   2.0000000E+00
  3.6692308E-09 ;   2.0000000E+00
  3.6742475E-09 ;   3.0000000E+00
  3.6792642E-09 ;   0.0000000E+00
  3.6842809E-09 ;   0.0000000E+00
  3.6892977E-09 ;   1.0000000E+00
  3.6943144E-09 ;   1.0000000E+00
  3.6993311E-09 ;   0.0000000E+00
  3.7043478E-09 ;   1.0000000E+00
  3.7093645E-09 ;   2.0000000E+00
  3.7143813E-09 ;   2.0000000E+00
  3.7193980E-09 ;   1.0000000E+00
  3.7244147E-09 ;   1.0000000E+00
  3.7294314E-09 ;   2.0000000E+00
  3.7344482E-09 ;   4.0000000E+00
  3.7394649E-09 ;   2.0000000E+00
  3.7444816E-09 ;   2.0000000E+00
  3.7494983E-09 ;   0.0000000E+00
  3.7545151E-09 ;   4.0000000E+00
  3.7595318E-09 ;   1.0000000E+00
  3.7645485E-09 ;   1.0000000E+00
  3.7695652E-09 ;   2.0000000E+00
  3.7745819E-09 ;   6.0000000E+00
  3.7795987E-09 ;   3.0000000E+00
  3.7846154E-09 ;   2.0000000E+00
  3.7896321E-09 ;   1.0000000E+00
  3.7946488E-09 ;   3.0000000E+00
  3.7996656E-09 ;   2.0000000E+00
  3.8046823E-09 ;   0.0000000E+00
  3.8096990E-09 ;   2.0000000E+00
  3.8147157E-09 ;   1.0000000E+00
  3.8197324E-09 ;   3.0000000E+00
  3.8247492E-09 ;   1.0000000E+00
  3.8297659E-09 ;   1.0000000E+00
  3.8347826E-09 ;   5.0000000E+00
  3.8397993E-09 ;   0.0000000E+00
  3.8448161E-09 ;   0.0000000E+00
  3.8498328E-09 ;   2.0000000E+00
  3.8548495E-09 ;   3.0000000E+00
  3.8598662E-09 ;   0.0000000E+00
  3.8648829E-09 ;   4.0000000E+00
  3.8698997E-09 ;   0.0000000E+00
  3.8749164E-09 ;   1.0000000E+00
  3.8799331E-09 ;   1.0000000E+00
  3.8849498E-09 ;   3.0000000E+00
  3.8899666E-09 ;   1.0000000E+00
  3.8949833E-09 ;   4.0000000E+00
  3.9000000E-09 ;   0.0000000E+00
